LES 9                   
1 08747U 76023B   13083.43215189 -.00000083  00000-0  00000+0 0  9027
2 08747  12.8121 113.0062 0022389  16.0726 104.1377  1.00275745 81218
GOES 3                  
1 10953U 78062A   13082.75965693 -.00000101  00000-0  10000-3 0  1488
2 10953  14.5282 347.6829 0006427  81.5497 278.5168  1.00279488 80468
ESIAFI 1 (COMSTAR 4)    
1 12309U 81018A   13081.27026498 -.00000160  00000-0  10000-3 0  6599
2 12309  14.6935 357.6172 0003756  20.1748 339.8388  1.00268244118974
SATCOM C5               
1 13631U 82105A   13082.83840085 -.00000105  00000-0  10000-3 0  1195
2 13631  14.4079  17.6179 0005683 348.8348  11.1518  1.00272756 77913
GSTAR 1                 
1 15677U 85035A   13080.89086116 -.00000103  00000-0  00000+0 0  6337
2 15677  13.2905  34.8472 0008440 329.6562  30.3074  1.00272399 76750
GSTAR 3                 
1 19483U 88081A   13082.35692905 -.00000111  00000-0  00000+0 0  8906
2 19483  15.6558   7.0882 0010497  49.3217 147.8162  1.00272081 86148
TDRS 3                  
1 19548U 88091B   13083.28850425 -.00000294  00000-0  00000+0 0   437
2 19548  14.0585  25.1101 0013646 345.9842 225.4329  1.00260190 76938
LEASAT 5                
1 20410U 90002B   13083.98695587 -.00000073  00000-0  00000+0 0  8753
2 20410  10.4432  25.2311 0001473  25.3276 199.3504  1.00271922 70245
COSMOS 2085             
1 20693U 90061A   13083.33173633 -.00000152  00000-0  10000-3 0  4033
2 20693  14.2020  21.5066 0004337  33.2247 326.7909  1.00272033 83048
SKYNET 4C               
1 20776U 90079A   13084.08284037 -.00000029  00000-0  10000-3 0  6033
2 20776  12.3667  32.6535 0003252 322.6176 215.9406  1.00271707 82497
INMARSAT 2-F1           
1 20918U 90093A   13081.88522781 -.00000357  00000-0  10000-3 0  3922
2 20918   9.3867  42.0047 0003237 308.1808 258.0332  1.00276889 78453
COSMOS 2133             
1 21111U 91010A   13083.84762356 -.00000079  00000-0  00000+0 0  5995
2 21111  13.5770  27.2423 0008787  35.1479 137.6472  1.00282953 80985
INMARSAT 2-F2           
1 21149U 91018A   13083.44438572  .00000101  00000-0  00000+0 0  4512
2 21149   8.7284  43.1982 0003994 338.8825 177.9541  1.00272194 80768
TDRS 5                  
1 21639U 91054B   13084.13879167  .00000098  00000-0  00000+0 0  2515
2 21639  12.6179  39.0494 0019463 347.0682  39.0049  1.00266814 79279
GORIZONT 27             
1 22245U 92082A   13083.84720686 -.00000067  00000-0  00000+0 0  8815
2 22245  13.6863  29.6153 0010400 276.4052 255.9512  1.00137049 78730
COSMOS 2224             
1 22269U 92088A   13082.43485754  .00000082  00000-0  10000-3 0  9727
2 22269  12.9201  32.4451 0002953  94.5463 265.5020  1.00159887 73703
TDRS 6                  
1 22314U 93003B   13083.24472331 -.00000283  00000-0  00000+0 0  2792
2 22314  12.0371  41.8786 0012539 335.2427 206.9263  1.00278276 73986
ASTRA 1C                
1 22653U 93031A   13082.09117634  .00000001  00000-0  00000+0 0   507
2 22653   5.7476  60.9835 0004656 311.5129 203.0413  1.00270974 67841
ACTS                    
1 22796U 93058B   13081.90496625 -.00000101  00000-0  10000-3 0  1411
2 22796  12.2295  41.1647 0017552 351.1575   8.8377  1.00271362 78436
INTELSAT 701 (IS-701)   
1 22871U 93066A   13083.73465113  .00000061  00000-0  00000+0 0  1133
2 22871   1.1110  76.7607 0006783 304.2045 244.3327  1.00461249 71001
SOLIDARIDAD 1           
1 22911U 93073A   13082.92810116 -.00000075  00000-0  10000-3 0  6634
2 22911  10.8391  46.5253 0004777  79.9312 280.1659  1.00274361 69459
NATO 4B                 
1 22921U 93076A   13083.73429937  .00000139  00000-0  00000+0 0  8799
2 22921  10.4841  38.7607 0002921 336.4126 107.1190  1.00277498 70695
INTELSAT 702 (IS-702)   
1 23124U 94034A   13083.96799017  .00000147  00000-0  00000+0 0  9132
2 23124   1.4606  75.6490 0003328 317.7709 170.6376  1.00271710 82922
APSTAR 1                
1 23185U 94043A   13082.43209606 -.00000093  00000-0  10000-3 0  2959
2 23185   7.4961  55.6804 0001479 350.4560  93.4602  1.00272092 68371
DIRECTV 2 (DBS 2)       
1 23192U 94047A   13083.44212569 -.00000004  00000-0  00000+0 0   893
2 23192   5.6125  61.7332 0008020 254.1620 246.5098  0.98633946 78007
OPTUS B3                
1 23227U 94055A   13083.74913517 -.00000083  00000-0  00000+0 0  1668
2 23227   4.6333  63.7426 0005368 308.8652 243.4490  1.00271398 68000
NSS-703                 
1 23305U 94064A   13083.40877353 -.00000286  00000-0  00000+0 0  8083
2 23305   3.1026  68.7034 0003559 300.2711 273.1589  1.00272870 67725
SOLIDARIDAD 2           
1 23313U 94065A   13082.39458313 -.00000037  00000-0  10000-3 0  3186
2 23313   4.4241  64.4792 0004405 302.3475 201.5547  1.00277110 67587
ASTRA 1D                
1 23331U 94070A   13084.14263697  .00000127  00000-0  00000+0 0  5621
2 23331   4.8320  62.8087 0003169 314.5179 239.8764  1.00272807 67842
RADUGA 32               
1 23448U 94087A   13083.39591286 -.00000072  00000-0  10000-3 0  6088
2 23448  12.8893  36.4157 0005473 116.8624 243.2078  1.00281988 84484
BRASILSAT B2            
1 23536U 95016A   13083.42095348 -.00000278  00000-0  00000+0 0  8121
2 23536   4.4645  64.6540 0002336 315.2878 245.6730  1.00270613 65948
AMSC 1                  
1 23553U 95019A   13083.48295022 -.00000109  00000-0  00000+0 0  6468
2 23553   7.6103  55.6501 0003952 330.5432 226.4770  1.00271428 65754
INTELSAT 706 (IS-706)   
1 23571U 95023A   13083.68598991 -.00000148  00000-0  00000+0 0  7369
2 23571   1.3929  75.4279 0003543 308.2047 202.6307  1.00270788 65371
TDRS 7                  
1 23613U 95035B   13083.78803211 -.00000192  00000-0  00000+0 0  4236
2 23613  13.5620  32.5102 0033653 353.3250 164.9190  1.00277730 64780
TELSTAR 4 (TELSTAR 402R)
1 23670U 95049A   13081.93482077 -.00000112  00000-0  10000-3 0  4228
2 23670   8.4054  53.2612 0003294 320.5355  39.5279  1.00302552 64071
LUCH 1                  
1 23680U 95054A   13082.41008424 -.00000118  00000-0  10000-3 0  2391
2 23680  11.8975  45.7140 0010064   6.5718 353.4774  1.00276061 63938
ASTRA 1E                
1 23686U 95055A   13083.85562929 -.00000354  00000-0  00000+0 0  7068
2 23686   2.4328  72.2700 0003007 294.4696 232.0642  1.00272205 63900
ECHOSTAR 1              
1 23754U 95073A   13081.43486547 -.00000253  00000-0  10000-3 0  8533
2 23754   0.0014 171.5692 0002531 175.8843 272.0257  1.00271074 62966
AFRICASAT-1 (MEASAT-1)  
1 23765U 96002B   13083.70078459  .00000125  00000-0  00000+0 0  5651
2 23765   4.7858  63.2859 0001043 331.8987  85.3043  1.00270339 62968
ABS-1A                  
1 23768U 96003A   13083.89225617 -.00000093  00000-0  10000-3 0  8096
2 23768   5.5228  61.2874 0000883   1.6623 155.5429  1.00272497 62950
INMARSAT 3-F1           
1 23839U 96020A   13083.91054036  .00000002  00000-0  10000-3 0  7517
2 23839   0.9000  73.9367 0005336 281.5771 219.2924  1.00273093 62179
ASTRA 1F                
1 23842U 96021A   13084.00954372  .00000076  00000-0  00000+0 0  8523
2 23842   0.0759  46.9921 0002390 283.3178 270.6509  1.00273546 62082
MSAT M1                 
1 23846U 96022A   13083.51038508 -.00000088  00000-0  00000+0 0  4392
2 23846   5.0347  62.5333 0006101 312.8804 243.9712  1.00271979 61999
PALAPA C2               
1 23864U 96030A   13083.64479344 -.00000205  00000-0  10000-3 0  6828
2 23864   2.5897  70.5003 0001709 296.7071 197.6820  1.00273548 61729
INTELSAT 709 (IS-709)   
1 23915U 96035A   13082.93241262 -.00000006  00000-0  10000-3 0  7366
2 23915   0.8160  77.2778 0004597 145.5813 137.0936  0.99181515 61451
APSTAR 1A               
1 23943U 96039A   13083.75770233  .00000094  00000-0  10000-3 0   816
2 23943   6.8242  57.3908 0001173 287.7281 161.8977  1.00276084 61277
INMARSAT 3-F2           
1 24307U 96053A   13084.12174635 -.00000133  00000-0  00000+0 0  6358
2 24307   0.0939  49.8045 0006417 330.4821 190.7676  1.00271899 60591
ECHOSTAR 2              
1 24313U 96055A   13080.90891087 -.00000229  00000-0  10000-3 0  5570
2 24313   4.0647  65.4122 0005372 343.0552  17.1856  1.00207679 60595
AMC-1 (GE-1)            
1 24315U 96054A   13084.10626917 -.00000112  00000-0  10000-3 0   458
2 24315   0.0226 285.4508 0003388  63.5001 129.0160  1.00271912 60587
AFRICASAT-2 (MEASAT-2)  
1 24653U 96063B   13083.64498177 -.00000226  00000-0  00000+0 0  8354
2 24653   4.7422  63.3450 0002696 356.4288 142.7117  1.00270867 59975
EUTELSAT 48A            
1 24665U 96067A   13081.10148545  .00000111  00000-0  10000-3 0  6772
2 24665   3.4726  67.5102 0005530 305.6758 251.3520  1.00274187 60199
INMARSAT 3-F3           
1 24674U 96070A   13083.73465113  .00000030  00000-0  00000+0 0  6865
2 24674   0.2882  78.7923 0006286 300.3801 245.7554  1.00272940 59548
AMC-2 (GE-2)            
1 24713U 97002A   13083.20825566  .00000109  00000-0  10000-3 0  5949
2 24713   1.2753  75.4304 0004555 286.8082 273.5444  1.00273803  9959
INTELSAT 26 (IS-26)     
1 24732U 97007A   13083.97313257  .00000105  00000-0  00000+0 0  3723
2 24732   4.7019  63.5028 0003997 330.5933 189.0853  1.00270946 58870
INTELSAT 801 (IS-801)   
1 24742U 97009A   13083.40897013 -.00000222  00000-0  00000+0 0  2877
2 24742   3.9296  66.1158 0004804 316.4030 277.2615  1.00271797 58872
DFH 3-2                 
1 24798U 97021A   13082.47823635  .00000048  00000-0  10000-3 0  1652
2 24798   8.1442  54.1117 0012580 356.6870   3.3975  1.00173053 58124
GALAXY 25 (G-25)        
1 24812U 97026A   13083.40468387 -.00000173  00000-0  00000+0 0  5982
2 24812   0.0154  93.2182 0003577 292.6582 208.7441  1.00273454 58005
INMARSAT 3-F4           
1 24819U 97027A   13083.42421781 -.00000294  00000-0  00000+0 0  5174
2 24819   2.8399  68.4923 0005205 308.4808 263.8458  1.00271817 57962
SUPERBIRD-A3            
1 24880U 97036A   13083.95651583 -.00000262  00000-0  00000+0 0  4584
2 24880   3.8178  66.3118 0007099  11.0681 182.5840  1.00270847 57287
ABS-3 (AGILA 2)         
1 24901U 97042A   13083.34034571 -.00000036  00000-0  10000-3 0  8342
2 24901   1.8523  74.5294 0005747 284.3077 302.5854  1.00272634 57107
INTELSAT 5 (IS-5)       
1 24916U 97046A   13083.88508767 -.00000252  00000-0  10000-3 0  5071
2 24916   0.4078  79.5489 0003917 289.7292 227.6126  1.00098854 57175
METEOSAT-7              
1 24932U 97049B   13082.95862505  .00000057  00000-0  00000+0 0  5620
2 24932   8.2631  53.1372 0001087  26.9353 144.0908  1.00272660 56985
AMC-3 (GE-3)            
1 24936U 97050A   13084.21646936 -.00000282  00000-0  10000-3 0  5575
2 24936   0.0394 277.5097 0002238  53.0476 223.1982  1.00271935 56993
NSS-5                   
1 24957U 97053A   13083.71594713  .00000103  00000-0  00000+0 0  5420
2 24957   0.7191  78.3194 0003690 299.3075 112.9316  1.00269785 56789
ECHOSTAR 3              
1 25004U 97059A   13083.37240498 -.00000292  00000-0  10000-3 0  4390
2 25004   0.0168 309.5561 0001424  25.7970 278.9099  1.00272442 56689
INDOSTAR 1              
1 25050U 97071B   13084.02919249 -.00000097  00000-0  00000+0 0  9253
2 25050   6.6797  57.8046 0003505 342.7360 229.9600  1.00181970 56306
JCSAT-1B                
1 25067U 97075A   13083.64479344 -.00000209  00000-0  10000-3 0  7707
2 25067   2.6029  70.2701 0004527 290.1262 204.0017  1.00272191 56107
ASTRA 1G                
1 25071U 97076A   13083.08781449  .00000144  00000-0  00000+0 0  3015
2 25071   0.0259 308.5228 0003106  52.2719 244.0171  1.00270021 56101
HGS-1 (ASIASAT 3)       
1 25126U 97086A   13082.94909972 -.00000197  00000-0  10000-3 0  7450
2 25126   4.7956  77.8174 0046637 276.4245  83.3115  1.00172405 56685
BRASILSAT B3            
1 25152U 98006A   13083.40434054 -.00000179  00000-0  10000-3 0  8224
2 25152   0.9629  79.3767 0002809 282.2782 233.9514  1.00272977 55509
INMARSAT 3-F5           
1 25153U 98006B   13084.14061569  .00000130  00000-0  00000+0 0  5378
2 25153   0.3359  21.6993 0004160 348.2526 248.1595  1.00268579 55472
EUTELSAT 16B            
1 25237U 98013A   13084.08325201  .00000094  00000-0  10000-3 0  5811
2 25237   1.2515  76.5039 0005252 287.0975 224.8537  1.00272293 55510
NSS-806                 
1 25239U 98014A   13084.18258029 -.00000271  00000-0  10000-3 0   631
2 25239   0.0399 337.6828 0003984  76.8132 153.4974  1.00271726 55270
COSMOS 2350             
1 25315U 98025A   13083.42539894 -.00000057  00000-0  10000-3 0  8175
2 25315  10.2941  46.1259 0008840  19.0404 341.0389  1.00262061 54599
CHINASAT 5A (ZX 5A)     
1 25354U 98033A   13083.88543410 -.00000217  00000-0  10000-3 0  6802
2 25354   0.0024 161.5063 0005057 218.2923 208.9688  1.00272531 58839
THOR III                
1 25358U 98035A   13083.20381481 -.00000046  00000-0  10000-3 0  1818
2 25358   2.5230  70.4953 0002429 276.5948 263.8131  1.00272397 54254
INTELSAT 805 (IS-805)   
1 25371U 98037A   13082.46534904 -.00000297  00000-0  10000-3 0   932
2 25371   0.0165 116.8371 0003699 242.9270 293.3787  1.00272362 54092
CHINASAT 5B (ZX 5B)     
1 25404U 98044A   13083.86906502 -.00000274  00000-0  10000-3 0  1698
2 25404   1.3125  74.9728 0004618 307.8997 254.5960  1.00273122 53960
ST-1                    
1 25460U 98049A   13083.87562189 -.00000370  00000-0  10000-3 0  4404
2 25460   1.3708  75.3650 0001355 286.6021 254.3343  1.00402286 53424
ASTRA 2A                
1 25462U 98050A   13084.21786358  .00000140  00000-0  00000+0 0  5728
2 25462   0.0454 126.6705 0002254 306.8549 215.9282  1.00274500 53410
INTELSAT 7 (IS-7)       
1 25473U 98052A   13083.90761832 -.00000036  00000-0  10000-3 0  5828
2 25473   0.0094 263.2720 0003111  97.0921 217.5566  1.00273528 53190
SIRIUS 3                
1 25492U 98056B   13083.64832179  .00000099  00000-0  00000+0 0  2579
2 25492   3.6246  66.8789 0001315 324.8811  75.1154  1.00273755 53085
EUTELSAT 25A            
1 25495U 98057A   13083.89955310 -.00000000  00000-0  10000-3 0  4944
2 25495   0.2468  73.9147 0000386 284.6378 153.5799  1.00104495 52991
AFRISTAR                
1 25515U 98063A   13083.12802804  .00000117  00000-0  00000+0 0  2096
2 25515   0.6772  76.8400 0004393 303.1184 228.8673  1.00272980 52761
AMC-5 (GE-5)            
1 25516U 98063B   13082.46369294 -.00000236  00000-0  00000+0 0  1939
2 25516   2.3804  71.6278 0004441 302.6216 252.8552  1.00273378 52795
INTELSAT 8 (IS-8)       
1 25522U 98065A   13083.73482012 -.00000041  00000-0  00000+0 0  3603
2 25522   0.0082 157.4432 0003332 223.9510 234.4922  1.00272368 52762
BONUM-1                 
1 25546U 98068A   13083.13187956  .00000068  00000-0  10000-3 0  3451
2 25546   1.2579  76.7594 0002414 245.6153 322.8491  1.00273599 52588
SATMEX 5                
1 25558U 98070A   13083.37690685 -.00000024  00000-0  10000-3 0  1306
2 25558   0.0306 112.9273 0002186 233.1761 214.7999  1.00274132 52582
GALAXY 26 (G-26)        
1 25626U 99005A   13083.06098259  .00000104  00000-0  00000+0 0  1590
2 25626   0.0316 267.1475 0003500 121.5063 224.9864  1.00271893 51676
JCSAT-4A                
1 25630U 99006A   13083.88508767 -.00000251  00000-0  00000+0 0  1905
2 25630   0.0291 253.1185 0003177   7.6873 337.6599  1.00030766 51544
SKYNET 4E               
1 25639U 99009B   13083.01746711  .00000141  00000-0  00000+0 0  3296
2 25639   8.1509  41.7598 0003361 343.8400 194.7684  1.00275520 51578
ASIASAT 3S              
1 25657U 99013A   13083.83705294 -.00000344  00000-0  10000-3 0  4430
2 25657   0.0044 157.7503 0002454 203.0603 228.4932  1.00271216 51367
EUTELSAT 21A            
1 25673U 99018A   13083.90015515  .00000114  00000-0  10000-3 0  5728
2 25673   0.3109  81.0260 0004451 281.1631 192.3833  1.00275057 51137
NIMIQ 1                 
1 25740U 99027A   13084.04045113 -.00000021  00000-0  10000-3 0  2912
2 25740   0.3074  77.1820 0007340 275.2458 175.7855  1.01662253 50757
ASTRA 1H                
1 25785U 99033A   13084.21375574  .00000112  00000-0  00000+0 0  2267
2 25785   0.7032  78.7705 0003512 351.1175 209.4817  1.00272723 50470
TELKOM 1                
1 25880U 99042A   13082.88640593 -.00000355  00000-0  10000-3 0  4885
2 25880   0.0141 198.7699 0001868 191.8021 218.0912  1.00272400 49928
ABS-7                   
1 25894U 99046A   13082.81986547 -.00000373  00000-0  10000-3 0  3079
2 25894   0.0324 230.9382 0001009 177.2543 184.3294  1.00272780 48690
GALAXY 27 (G-27)        
1 25922U 99052A   13081.09637922  .00000124  00000-0  10000-3 0  1999
2 25922   0.0578  70.4412 0002563 304.3792 244.7215  1.00274258 49405
ABS-1                   
1 25924U 99053A   13083.89225617 -.00000097  00000-0  10000-3 0  3336
2 25924   0.0033 200.4575 0001886 216.3499 161.8917  1.00273141 49454
DIRECTV 1R              
1 25937U 99056A   13083.13187956  .00000069  00000-0  10000-3 0  4635
2 25937   0.6610  76.4882 0003151 283.3176 285.2291  1.00272879 49307
TELSTAR 12 (ORION 2)    
1 25949U 99059A   13083.20139743 -.00000130  00000-0  00000+0 0  3050
2 25949   0.0079 105.1909 0002943 273.7183 220.4318  1.00271879 49188
AMC-4 (GE-4)            
1 25954U 99060A   13083.42968395 -.00000283  00000-0  10000-3 0  5129
2 25954   0.0447  63.5686 0002208 334.8300 231.3440  1.00272085 49026
GALAXY 11 (G-11)        
1 26038U 99071A   13081.37274031 -.00000298  00000-0  10000-3 0  5614
2 26038   0.0211 326.1597 0000615   5.2429 287.1370  1.00270925 48626
HISPASAT 1C             
1 26071U 00007A   13081.30000000 -.00000229  00000-0  00000+0 0  9431
2 26071   0.0330  36.9510 0005781 341.4340 239.5520  1.00271803 48165
GARUDA 1                
1 26089U 00011A   13083.87081650 -.00000368  00000-0  00000+0 0  1402
2 26089   1.3534 233.9330 0003699 190.5249 194.5464  1.00270919 48074
SUPERBIRD-B2            
1 26095U 00012A   13083.74930034 -.00000102  00000-0  00000+0 0  4460
2 26095   0.0108 138.8606 0002430 249.1324 226.1380  1.00271719 48023
EXPRESS-A2              
1 26098U 00013A   13082.89199356 -.00000325  00000-0  10000-3 0  9213
2 26098   6.3661  58.8858 0020275  79.7371 106.4979  1.00264831 47722
ASIASTAR                
1 26107U 00016A   13081.77909402 -.00000343  00000-0  10000-3 0  3724
2 26107   0.0279 350.5511 0004218  16.4329 198.8725  1.00269002 47670
EUTELSAT 16C            
1 26243U 00019A   13083.02376947  .00000085  00000-0  00000+0 0  2108
2 26243   1.1820  75.4805 0003361 284.3232 204.8910  1.00270404 47369
EUTELSAT 36A            
1 26369U 00028A   13083.08792120  .00000144  00000-0  10000-3 0  2570
2 26369   0.0660 350.1710 0004323   1.5900 257.6928  1.00274674 47016
TDRS 8                  
1 26388U 00034A   13083.84035243 -.00000225  00000-0  00000+0 0  8569
2 26388   4.5644  72.7666 0001327 305.9193 195.2648  1.00265430 46735
COSMOS 2371             
1 26394U 00036A   13081.41665549 -.00000143  00000-0  10000-3 0  2105
2 26394   9.6355  49.7315 0004715   7.1209 352.9452  1.00269509 46562
ECHOSTAR 6              
1 26402U 00038A   13082.38320197 -.00000253  00000-0  10000-3 0  4363
2 26402   1.0922  76.8793 0002901 284.3636 240.9205  1.00271427 46482
INTELSAT 9 (IS-9)       
1 26451U 00043A   13081.24438330 -.00000281  00000-0  10000-3 0  9935
2 26451   0.3873  80.4578 0002218 309.7694 194.5240  1.00270194 46362
BRASILSAT B4            
1 26469U 00046A   13083.48044764 -.00000221  00000-0  00000+0 0  2481
2 26469   0.0375 155.0730 0002089 231.7019 244.3011  1.00270339 46175
NILESAT 102             
1 26470U 00046B   13083.14662405 -.00000068  00000-0  10000-3 0  8899
2 26470   0.0403 278.6417 0006097  71.8099 237.1195  1.00272352 46177
RADUGA-1 5              
1 26477U 00049A   13082.46522702  .00000034  00000-0  10000-3 0  5640
2 26477   9.5120  50.2567 0003671 356.3072   3.7642  1.00211585 46020
ASTRA 2B                
1 26494U 00054A   13074.27169584  .00000101  00000-0  00000+0 0  2164
2 26494   0.0607  22.6018 0003816 344.8495 282.7317  1.00271479 45789
AMC-7 (GE-7)            
1 26495U 00054B   13083.43989234  .00000086  00000-0  00000+0 0  1100
2 26495   0.0358  25.1072 0002943 337.8686 200.4434  1.00270949 45895
NSS-11 (AAP-1)          
1 26554U 00059A   13083.74874343 -.00000355  00000-0  10000-3 0  3500
2 26554   0.0241 292.0712 0002088  73.3679 194.6844  1.00272706 45748
N-SAT-110 (JCSAT-110)   
1 26559U 00060A   13082.62625102 -.00000362  00000-0  10000-3 0  2877
2 26559   0.0040 325.8889 0000290 316.1436 234.7618  1.00271865 45663
AMC-6 (GE-6)            
1 26580U 00067A   13081.37477409 -.00000272  00000-0  10000-3 0  2177
2 26580   0.0320 324.9777 0002810  32.8089 245.1692  1.00272672 45508
INTELSAT 12 (IS-12)     
1 26590U 00068A   13081.82648234  .00000125  00000-0  10000-3 0  9932
2 26590   0.0095  14.3911 0003123 352.0323 156.5836  1.00274468 45436
INTELSAT 1R (IS-1R)     
1 26608U 00072A   13083.33441919 -.00000293  00000-0  00000+0 0  6328
2 26608   0.0396  32.8305 0000276 239.3937 340.1756  1.00272276 45297
ANIK F1                 
1 26624U 00076A   13083.36950067 -.00000085  00000-0  10000-3 0  9734
2 26624   0.0293 129.3383 0003229 225.6400 212.7293  1.00272680 45270
ASTRA 2D                
1 26638U 00081A   13083.08130448  .00000139  00000-0  00000+0 0  2004
2 26638   0.8658  79.5270 0000863 262.3743 257.1051  1.00276423 44989
AMC-8 (GE-8)            
1 26639U 00081B   13083.44232271  .00000094  00000-0  00000+0 0  1124
2 26639   0.0281  12.6503 0002768  13.6209 176.0229  1.00272127 44951
TURKSAT 2A              
1 26666U 01002A   13081.95006581  .00000134  00000-0  10000-3 0  2036
2 26666   0.0357 294.0723 0004727  57.1147 213.4108  1.00273009 44688
SICRAL 1                
1 26694U 01005A   13083.19694759  .00000096  00000-0  10000-3 0  2057
2 26694   4.5410  63.7552 0003305 311.3573 253.9060  1.00273482 44443
SKYNET 4F               
1 26695U 01005B   13084.17752617 -.00000245  00000-0  10000-3 0  8496
2 26695   6.6113  49.0396 0002998 314.4981 209.2108  1.00274353 44438
EUTELSAT 28A            
1 26719U 01011A   13084.21786358  .00000141  00000-0  00000+0 0  3836
2 26719   0.0677 359.0520 0002801  13.0716 277.6360  1.00275467 44135
XM-2 (ROCK)             
1 26724U 01012A   13083.55058478 -.00000034  00000-0  10000-3 0  4742
2 26724   0.1038 299.0430 0003968  15.7339 310.3373  1.00272983 44095
XM-1 (ROLL)             
1 26761U 01018A   13083.55058478 -.00000033  00000-0  10000-3 0  3129
2 26761   0.1144 266.8430 0003194 324.8823  33.3943  1.00272103 43569
INTELSAT 10 (IS-10)     
1 26766U 01019A   13082.75874969  .00000115  00000-0  10000-3 0  2137
2 26766   0.0095 164.0314 0002447 198.0977 139.9248  1.00274846 43465
INTELSAT 901 (IS-901)   
1 26824U 01024A   13084.12222762 -.00000151  00000-0  00000+0 0   368
2 26824   0.0292  52.5261 0003347 327.8551 188.3585  1.00271378 43224
ASTRA 2C                
1 26853U 01025A   13060.00000000  .00000110  00000-0  00000+0 0  9814
2 26853   0.0560 301.8930 0004584  49.6970 186.5590  1.00264077 42925
ARTEMIS                 
1 26863U 01029A   13083.12590861  .00000117  00000-0  00000+0 0  4649
2 26863  10.4721  50.8580 0003760 355.5800 202.1320  1.00277100 43948
GOES 12                 
1 26871U 01031A   13083.48988709 -.00000292  00000-0  00000+0 0  9822
2 26871   2.8722  70.1793 0004182 347.2792 241.3460  1.00264529 42806
INTELSAT 902 (IS-902)   
1 26900U 01039A   13083.78438075  .00000023  00000-0  00000+0 0   789
2 26900   0.0318  34.9817 0003261 348.2738 143.5310  1.00272405 42396
EUTELSAT 8 WEST A       
1 26927U 01042A   13083.33295546 -.00000077  00000-0  00000+0 0  8213
2 26927   0.0846  44.5880 0005222 334.6142 274.5470  1.00271951 42123
DIRECTV 4S              
1 26985U 01052A   13084.09999236 -.00000124  00000-0  10000-3 0   321
2 26985   0.0200 233.8497 0001247 155.0790  88.6363  1.00274591 41548
INSAT-3C                
1 27298U 02002A   13082.93900919 -.00000088  00000-0  10000-3 0   178
2 27298   0.0455 258.3555 0005267 143.1321 192.1141  1.00272659 40906
ECHOSTAR 7              
1 27378U 02006A   13082.21500652 -.00000013  00000-0  10000-3 0  2048
2 27378   0.0162 298.9825 0001193  90.3049 110.1873  1.00274308 40594
INTELSAT 904 (IS-904)   
1 27380U 02007A   13084.02330737  .00000039  00000-0  00000+0 0  1094
2 27380   0.0301  38.1217 0003387 344.7744 228.1333  1.00270942 40643
TDRS 9                  
1 27389U 02011A   13084.18294468 -.00000268  00000-0  10000-3 0  1073
2 27389   2.1133 116.4284 0015786 271.5303 179.7337  1.00275302 41995
JCSAT-2A                
1 27399U 02015A   13083.63999185 -.00000176  00000-0  00000+0 0  9357
2 27399   0.0191 103.2314 0002027 299.3883 164.0411  1.00270765 40302
ASTRA 3A                
1 27400U 02015B   13075.82023610  .00000122  00000-0  00000+0 0  7564
2 27400   0.7327  76.9234 0004656 202.0283 214.5932  1.00276085 40237
INTELSAT 903 (IS-903)   
1 27403U 02016A   13083.40680918 -.00000249  00000-0  00000+0 0  8136
2 27403   0.0275  65.6078 0003111 320.3429 268.0339  1.00271534 40292
NSS-7                   
1 27414U 02019A   13084.22685197 -.00000165  00000-0  00000+0 0   988
2 27414   0.0373 336.2990 0002792  21.3731 246.8369  1.00272126 40139
DIRECTV 5 (TEMPO 1)     
1 27426U 02023A   13082.46730723 -.00000067  00000-0  10000-3 0  1264
2 27426   0.0061 177.1892 0003564 182.0620 239.9583  1.00272825 39853
INTELSAT 905 (IS-905)   
1 27438U 02027A   13083.96829027 -.00000195  00000-0  00000+0 0  6489
2 27438   0.0318 221.1457 0002690 145.2576 140.2518  1.00270158 39622
EXPRESS-A4              
1 27441U 02029A   13084.22262752 -.00000120  00000-0  10000-3 0  2288
2 27441   3.1620  68.6608 0004009 336.8954 203.4359  1.00272217 39524
GALAXY 3C (G-3C)        
1 27445U 02030A   13083.41548311 -.00000162  00000-0  10000-3 0  7586
2 27445   0.0362  18.0751 0000489 218.1911   0.3012  1.00272075 39496
EUTELSAT 5 WEST A       
1 27460U 02035A   13082.09100865 -.00000054  00000-0  10000-3 0  8894
2 27460   0.0463 345.2678 0004848  13.0698 210.1525  1.00272237 39271
N-STAR C                
1 27461U 02035B   13083.75254810 -.00000315  00000-0  00000+0 0  6285
2 27461   1.5735  76.0172 0001541 290.9632 222.3271  1.00273573 39298
EUTELSAT HOT BIRD 13A   
1 27499U 02038A   13083.53131410  .00000076  00000-0  10000-3 0  2908
2 27499   0.0448 293.6356 0004179  85.5781   7.1881  1.00271746 38800
ECHOSTAR 8              
1 27501U 02039A   13081.43486547 -.00000254  00000-0  10000-3 0  1878
2 27501   0.0103 116.1711 0002710 256.9737 246.5793  1.00271573 38797
EUTELSAT 12 WEST A      
1 27508U 02040A   13084.11943505 -.00000110  00000-0  10000-3 0  9944
2 27508   0.0700 332.1828 0000741  23.8533 217.2715  1.00271838 38808
METEOSAT-8 (MSG-1)      
1 27509U 02040B   13083.08716654  .00000016  00000-0  00000+0 0  3003
2 27509   1.9511  62.3895 0001183  23.3507 131.2489  1.00273253 38796
INTELSAT 906 (IS-906)   
1 27513U 02041A   13083.91054036  .00000005  00000-0  00000+0 0  8519
2 27513   0.0388  50.1760 0003240 341.3490 182.9424  1.00271798 38670
KODAMA (DRTS)           
1 27516U 02042B   13083.81795631 -.00000244  00000-0  00000+0 0  1198
2 27516   2.0350  72.9294 0002747 296.2582 198.4726  1.00272077 38633
KALPANA-1 (METSAT 1)    
1 27525U 02043A   13082.93163541 -.00000086  00000-0  00000+0 0  6593
2 27525   3.4703  67.6054 0004336 229.2342 294.0711  1.00271729 38596
HISPASAT 1D             
1 27528U 02044A   13080.40000000 -.00000229  00000-0  00000+0 0  7452
2 27528   0.0330 322.7290 0005642  28.4580 301.8900  1.00272129 38490
EUTELSAT 25C            
1 27554U 02051A   13084.08348069  .00000133  00000-0  10000-3 0  8254
2 27554   0.0557 340.8622 0002615  12.9390 244.4321  1.00275293 37925
TDRS 10                 
1 27566U 02055A   13082.64375889  .00000075  00000-0  10000-3 0  8278
2 27566   2.1271  64.6459 0010158 214.4479 319.5223  1.00270677 37792
NSS-6                   
1 27603U 02057A   13083.83706462 -.00000280  00000-0  00000+0 0  6620
2 27603   0.0315 236.8476 0002838 136.5922 205.3660  1.00271957 37660
NIMIQ 2                 
1 27632U 02062A   13082.51453068 -.00000185  00000-0  10000-3 0  6352
2 27632   0.0146 188.0916 0004135 118.3087 328.8417  1.00271985 37508
INTELSAT 907 (IS-907)   
1 27683U 03007A   13083.22365909 -.00000213  00000-0  00000+0 0  4112
2 27683   0.0287  39.5740 0003475 339.2177 216.0788  1.00270656 37025
INSAT-3A                
1 27714U 03013A   13082.83004381 -.00000269  00000-0  10000-3 0  5975
2 27714   0.0071  98.6380 0004827 216.7359 258.4114  1.00271769 36499
GALAXY 12 (G-12)        
1 27715U 03013B   13083.43253992  .00000048  00000-0  10000-3 0  6859
2 27715   0.0340 326.8233 0001797  24.4579 217.4961  1.00274151 36542
ASIASAT 4               
1 27718U 03014A   13083.88634122 -.00000370  00000-0  10000-3 0  2743
2 27718   0.0151 121.4314 0000382 303.7572 198.5038  1.00276198 36489
HELLAS-SAT 2            
1 27811U 03020A   13083.68965921  .00000142  00000-0  00000+0 0  5784
2 27811   0.0231  79.6747 0004306 303.8752  86.0205  1.00272538 36039
AMC-9 (GE-12)           
1 27820U 03024A   13084.10058792 -.00000226  00000-0  00000+0 0  7354
2 27820   0.0378 272.7090 0003268  90.3739 132.8433  1.00271003 35912
THURAYA-2               
1 27825U 03026A   13083.08810416  .00000126  00000-0  00000+0 0  4340
2 27825   3.4654  18.0512 0004961 350.8429 248.5720  1.00272574 35897
BSAT-2C                 
1 27830U 03028A   13082.99330594 -.00000361  00000-0  10000-3 0  7329
2 27830   0.0443 235.6223 0002072  44.4259   9.0066  1.00270550 35868
OPTUS C1                
1 27831U 03028B   13083.68598991 -.00000157  00000-0  10000-3 0  8047
2 27831   0.0187 162.7570 0002060 198.4571 224.0439  1.00272196 35864
ECHOSTAR 12 (RAINBOW 1) 
1 27852U 03033A   13081.37261073 -.00000295  00000-0  10000-3 0  7365
2 27852   0.0115 276.8574 0000889  59.3998 276.5787  1.00272788 35500
GALAXY 23 (G-23)        
1 27854U 03034A   13083.39999685  .00000002  00000-0  00000+0 0  6874
2 27854   0.0146 223.2755 0003220 155.4710 186.2830  1.00273245 35308
EUTELSAT 33A            
1 27948U 03043A   13083.99441565  .00000146  00000-0  10000-3 0  8396
2 27948   0.0484 354.0281 0001197 175.3777  44.2800  1.00274405 34879
INSAT-3E                
1 27951U 03043E   13084.02286360  .00000075  00000-0  10000-3 0  6945
2 27951   0.0151 216.0940 0006941 169.6573 220.1725  1.00274063 34775
GALAXY 13 (HORIZONS-1)  
1 27954U 03044A   13083.54788084  .00000038  00000-0  00000+0 0  5498
2 27954   0.0052 112.5238 0003003 334.5365 165.3293  1.00272632 34787
ZHONGXING-20            
1 28082U 03052A   13081.90083179 -.00000304  00000-0  00000+0 0  8569
2 28082   0.3624  78.4107 0004777 291.2472 233.2680  1.00273626 34307
YAMAL 202               
1 28089U 03053A   13083.90015515  .00000110  00000-0  10000-3 0  7229
2 28089   0.0465 264.1726 0003140  90.5340 200.8360  1.00270587 34243
YAMAL 201               
1 28094U 03053B   13083.72423772 -.00000238  00000-0  00000+0 0  1785
2 28094   0.0379 253.5551 0002469 151.6701 127.8059  1.00270254 36419
AMOS-2                  
1 28132U 03059A   13084.20804571 -.00000044  00000-0  10000-3 0  4905
2 28132   0.0393 240.0588 0003322 116.6554 257.0028  1.00274096 33939
EXPRESS-AM22 (SESAT 2)  
1 28134U 03060A   13082.81281933  .00000086  00000-0  10000-3 0  8465
2 28134   0.0377 336.4307 0001440  65.3379 125.2876  1.00274427 33841
AMC-10 (GE-10)          
1 28154U 04003A   13083.43905375  .00000077  00000-0  10000-3 0  7354
2 28154   0.0283 322.7332 0002703  17.3161 225.0656  1.00273761 33478
MBSAT                   
1 28184U 04007A   13081.92244943 -.00000262  00000-0  10000-3 0  6020
2 28184   0.0137 240.5708 0001521 109.5267 306.5931  1.00271056 33141
EUTELSAT 7A             
1 28187U 04008A   13083.13510244  .00000037  00000-0  00000+0 0  5336
2 28187   0.0643   6.5479 0004109  11.9437 218.8995  1.00271030 33115
DIRECTV 7S              
1 28238U 04016A   13083.38616959 -.00000009  00000-0  10000-3 0  7156
2 28238   0.0021 121.4422 0002891 238.7247 201.7955  1.00273041 32627
AMC-11 (GE-11)          
1 28252U 04017A   13083.43492537  .00000059  00000-0  00000+0 0  4092
2 28252   0.0373  33.8944 0002720 338.3537 195.3727  1.00272305 32412
INTELSAT 10-02          
1 28358U 04022A   13082.09110774 -.00000022  00000-0  10000-3 0  4946
2 28358   0.0151 157.5848 0000790 147.4127 267.5728  1.00273338 32150
APSTAR 5 (TELSTAR 18)   
1 28364U 04024A   13083.87304300 -.00000304  00000-0  10000-3 0  5890
2 28364   0.0055 173.8967 0002386 182.3434 278.5393  1.00272720 32159
ANIK F2                 
1 28378U 04027A   13082.46730723 -.00000061  00000-0  10000-3 0  2622
2 28378   0.0425 336.9027 0000234 315.9203 305.4365  1.00272163 31881
AMAZONAS 1              
1 28393U 04031A   13081.37261834 -.00000295  00000-0  10000-3 0  1162
2 28393   0.0336 351.6172 0004607  13.5175 247.9953  1.00269945 31642
AMC-15                  
1 28446U 04041A   13083.42921230 -.00000099  00000-0  10000-3 0  7138
2 28446   0.0332 322.9325 0002248  13.8704 254.7151  1.00272896 30934
FENGYUN 2C              
1 28451U 04042A   13083.88617514 -.00000365  00000-0  10000-3 0  6430
2 28451   4.5651  63.2655 0002111  45.0672 156.7240  1.00268116 30855
EXPRESS-AM1             
1 28463U 04043A   13084.21115976  .00000142  00000-0  10000-3 0  5102
2 28463   2.4399  70.7348 0002414  14.3797 213.7315  1.00274728 30762
AMC-16                  
1 28472U 04048A   13081.45196723 -.00000218  00000-0  10000-3 0  6857
2 28472   0.0407 336.5887 0002419  22.1458 259.0797  1.00272597 30335
NSS-10 (AMC-12)         
1 28526U 05003A   13084.18045817 -.00000260  00000-0  10000-3 0  1345
2 28526   0.0467 283.5043 0003377  76.5780 210.2681  1.00272187 29863
XTAR-EUR                
1 28542U 05005A   13083.08776112  .00000141  00000-0  00000+0 0  1658
2 28542   0.0016 226.4010 0002081 110.2336 265.6819  1.00273926 29718
HIMAWARI-6 (MTSAT-1R)   
1 28622U 05006A   13083.75288237 -.00000291  00000-0  10000-3 0  8444
2 28622   0.0519 318.8847 0000734  70.3089 204.2394  1.00271328 29556
XM-3 (RHYTHM)           
1 28626U 05008A   13082.35408940 -.00000217  00000-0  10000-3 0  3454
2 28626   0.0278  10.4881 0000326 289.2490 283.6161  1.00271884 29593
INMARSAT 4-F1           
1 28628U 05009A   13082.74302429 -.00000271  00000-0  10000-3 0  7976
2 28628   2.5812 349.4200 0002982   6.2349 236.6967  1.00271890 29214
EXPRESS-AM2             
1 28629U 05010A   13083.02107942 -.00000147  00000-0  10000-3 0  1857
2 28629   0.0406 320.8263 0000790  22.5456 285.8584  1.00271500 29246
APSTAR 6                
1 28638U 05012A   13083.80768793 -.00000328  00000-0  10000-3 0  5161
2 28638   0.0352  90.5790 0001897 281.1007 235.5291  1.00271026 53962
SPACEWAY 1              
1 28644U 05015A   13083.51376058 -.00000113  00000-0  10000-3 0  5856
2 28644   0.0242 311.2846 0000118  98.6579 214.2117  1.00272502 29056
DIRECTV 8               
1 28659U 05019A   13083.36421279 -.00000126  00000-0  10000-3 0  6614
2 28659   0.0289  30.3070 0003605 340.5508 201.3792  1.00272531 28727
GALAXY 28 (G-28)        
1 28702U 05022A   13083.68609747 -.00000197  00000-0  00000+0 0  4587
2 28702   0.0298  69.2467 0002072  56.2154 214.8510  1.00285560 28433
EXPRESS-AM3             
1 28707U 05023A   13082.57426406 -.00000292  00000-0  10000-3 0  9619
2 28707   0.0127 206.8592 0005130 171.6845 149.3129  1.00270022 28394
THAICOM 4               
1 28786U 05028A   13082.92116994 -.00000373  00000-0  00000+0 0  1693
2 28786   0.0076 101.6684 0002270 270.8338 260.1918  1.00271490 27936
GALAXY 14 (G-14)        
1 28790U 05030A   13083.43150831  .00000026  00000-0  10000-3 0  4968
2 28790   0.0240 312.7757 0002314  38.5115 221.1078  1.00272831 27845
ANIK F1R                
1 28868U 05036A   13082.19968779 -.00000086  00000-0  10000-3 0  1795
2 28868   0.0330   3.0517 0000235 126.2429  16.1170  1.00273843 27689
GALAXY 15 (G-15)        
1 28884U 05041A   13083.44055161  .00000068  00000-0  00000+0 0  4786
2 28884   0.0330  25.9828 0001342 359.4944 182.1957  1.00272856 27261
SYRACUSE 3A             
1 28885U 05041B   13083.97586549  .00000119  00000-0  00000+0 0  2936
2 28885   0.0293  72.7280 0003396 317.0078 191.1594  1.00273158 27387
INMARSAT 4-F2           
1 28899U 05044A   13083.76908523  .00000126  00000-0  00000+0 0  6450
2 28899   2.2675 346.9920 0002747  33.0807 104.2606  1.00271763 27054
TELKOM 2                
1 28902U 05046A   13083.87242480 -.00000373  00000-0  00000+0 0  2970
2 28902   0.0103 129.9491 0002270 290.9730 193.6425  1.00269575 26950
SPACEWAY 2              
1 28903U 05046B   13084.25302956 -.00000136  00000-0  10000-3 0  4467
2 28903   0.0228 359.6848 0000102 116.1160  59.0384  1.00272411 27048
INSAT-4A                
1 28911U 05049A   13082.89513995 -.00000176  00000-0  10000-3 0  6189
2 28911   0.0396 112.7186 0005955 186.8785 287.1741  1.00271718 26627
METEOSAT-9 (MSG-2)      
1 28912U 05049B   13083.08729612  .00000055  00000-0  00000+0 0  4758
2 28912   0.4228  21.5132 0002803 319.7386 241.4111  1.00277348 26648
EUTELSAT 172A (GE-23)   
1 28924U 05052A   13082.57516358 -.00000017  00000-0  10000-3 0  3583
2 28924   0.0194 287.1089 0002856  66.9650 206.2107  1.00274125 26513
ECHOSTAR 10             
1 28935U 06003A   13081.63700650 -.00000068  00000-0  10000-3 0  5946
2 28935   0.0223 331.3127 0001200  53.3068 274.7725  1.00273155 26033
MTSAT-2                 
1 28937U 06004A   13083.75237639 -.00000253  00000-0  00000+0 0  3642
2 28937   0.0525 261.1271 0004266 111.9803 225.1203  1.00268888 26031
SPAINSAT                
1 28945U 06007A   13084.22353845 -.00000226  00000-0  00000+0 0   215
2 28945   0.0263 229.1350 0002456  94.4545 269.7436  1.00272428 25809
EUTELSAT 9A             
1 28946U 06007B   13084.08309192  .00000052  00000-0  10000-3 0  1117
2 28946   0.0562  68.4032 0003974 282.4146 230.7881  1.00274372 25852
JCSAT-5A                
1 29045U 06010A   13081.24805061 -.00000341  00000-0  10000-3 0  1407
2 29045   0.0018  81.5990 0002831 261.3767  58.2442  1.00269733 25473
ASTRA 1KR               
1 29055U 06012A   13060.00000000  .00000111  00000-0  00000+0 0  5730
2 29055   0.0960 252.8270 0002962  34.3540 251.0150  1.00266818 25173
GOES 13                 
1 29155U 06018A   13083.41846972 -.00000260  00000-0  10000-3 0  4766
2 29155   0.3771 261.7623 0002465 148.4496 207.2846  1.00281103 25059
SATMEX 6                
1 29162U 06020A   13083.54936444 -.00000048  00000-0  00000+0 0   557
2 29162   0.0360  43.7107 0002502 341.8069 241.4263  1.00271564 25019
THAICOM 5               
1 29163U 06020B   13083.84214979 -.00000131  00000-0  00000+0 0  3638
2 29163   0.0549 266.1284 0002008 110.2400 187.7738  1.00271773 25071
GALAXY 16 (G-16)        
1 29236U 06023A   13083.36244559 -.00000137  00000-0  10000-3 0  4188
2 29236   0.0116 260.4987 0002846  94.8762 218.0587  1.00271135 24809
EUTELSAT HOT BIRD 13B   
1 29270U 06032A   13083.19256888  .00000076  00000-0  10000-3 0   126
2 29270   0.0931 309.9893 0005645  37.0859 277.0500  1.00271730 24400
JCSAT-3A                
1 29272U 06033A   13083.86341637 -.00000355  00000-0  10000-3 0  1706
2 29272   0.0213 284.3498 0001669  75.6508 261.3122  1.00270242 24305
SYRACUSE 3B             
1 29273U 06033B   13083.89993567 -.00000053  00000-0  10000-3 0  1081
2 29273   0.0287 112.1449 0003122 249.3004 139.8525  1.00273270 24296
KOREASAT 5 (MUGUNGWHA 5)
1 29349U 06034A   13081.80300840 -.00000370  00000-0  10000-3 0  1959
2 29349   0.0146 120.1285 0001656 277.6097 184.8343  1.00271125 24168
ZHONGXING-22A           
1 29398U 06038A   13083.87414365 -.00000322  00000-0  10000-3 0  9151
2 29398   2.8607  69.3628 0004326 351.4072 177.9331  1.00274196 23980
DIRECTV 9S              
1 29494U 06043A   13083.46641617 -.00000124  00000-0  10000-3 0  3100
2 29494   0.0067 164.3890 0002454 181.3796 263.1253  1.00272742 23646
OPTUS D1                
1 29495U 06043B   13081.19915747 -.00000123  00000-0  10000-3 0  1665
2 29495   0.0207 283.0512 0002842  68.7382  59.7484  1.00271761 23660
XM-4 (BLUES)            
1 29520U 06049A   13081.40000000 -.00000035  00000-0  10000-3 0   156
2 29520   0.0060  58.1220 0000130  48.2050 102.4570  1.00272010 23521
BADR-4                  
1 29526U 06051A   13082.86040747  .00000134  00000-0  10000-3 0  1721
2 29526   0.0553 336.3178 0005679 358.4809 182.4240  1.00273723 23421
FENGYUN 2D              
1 29640U 06053A   13084.08447536 -.00000206  00000-0  10000-3 0  6404
2 29640   1.4238  72.4214 0002038 338.4525 248.7143  1.00267926 23102
WILDBLUE-1              
1 29643U 06054A   13083.37225910 -.00000060  00000-0  10000-3 0  9051
2 29643   0.0090 168.9768 0001891 184.4313 211.4306  1.00272994 23087
AMC-18                  
1 29644U 06054B   13084.26024894 -.00000099  00000-0  10000-3 0  2975
2 29644   0.0089 266.7792 0002899  84.2905 180.5451  1.00272925 23107
MEASAT-3                
1 29648U 06056A   13083.87244053 -.00000252  00000-0  10000-3 0  9819
2 29648   0.0297 103.7466 0002014 285.6618 198.6601  1.00271874 23117
KIKU-8 (ETS-VIII)       
1 29656U 06059A   13083.70415013 -.00000245  00000-0  00000+0 0  1278
2 29656   2.5915  70.5492 0006745 311.7728 199.2171  1.00273792 23006
INSAT-4B                
1 30793U 07007A   13083.84212735 -.00000268  00000-0  10000-3 0  3000
2 30793   0.0489  83.5058 0003680 327.5329 168.0988  1.00272465 22126
SKYNET 5A               
1 30794U 07007B   13083.13510244  .00000030  00000-0  00000+0 0   142
2 30794   0.0685  14.5750 0003632  10.8372 210.9793  1.00271929 22287
ANIK F3                 
1 31102U 07009A   13083.55606613 -.00000011  00000-0  10000-3 0  1540
2 31102   0.0042 139.0215 0002269 220.3496 264.2777  1.00272683 21873
ASTRA 1L                
1 31306U 07016A   13083.71604968  .00000110  00000-0  10000-3 0  5311
2 31306   0.0194 155.3598 0002453 155.4192 148.5190  1.00273036 21627
GALAXY 17 (G-17)        
1 31307U 07016B   13083.46828722 -.00000185  00000-0  00000+0 0  1190
2 31307   0.0101 141.6415 0004348 210.9719 267.0806  1.00271822 21610
EUTELSAT 3A             
1 31577U 07021A   13084.08295471  .00000011  00000-0  10000-3 0  6392
2 31577   0.0172 145.7687 0002026 235.8050 194.1927  1.00273299 21320
ZHONGXING-6B            
1 31800U 07031A   13083.88962390 -.00000372  00000-0  10000-3 0  6380
2 31800   0.0055 230.9432 0003321 137.2435 250.1360  1.00275015 21013
DIRECTV 10              
1 31862U 07032A   13083.36601517 -.00000114  00000-0  10000-3 0  1090
2 31862   0.0414 345.1346 0000303 331.3517 254.4622  1.00272164 20949
SPACEWAY 3              
1 32018U 07036A   13083.51715742 -.00000162  00000-0  10000-3 0   217
2 32018   0.0258   5.6852 0000126 224.5393  43.1319  1.00271469 20669
BSAT-3A                 
1 32019U 07036B   13078.93574719 -.00000364  00000-0  00000+0 0  9189
2 32019   0.0325 166.3168 0001433 273.3356 184.6497  1.00270699 20553
INSAT-4CR               
1 32050U 07037A   13082.93900919 -.00000088  00000-0  10000-3 0  2872
2 32050   0.0111 142.0942 0002990 198.2815 253.2399  1.00272905 20383
OPTUS D2                
1 32252U 07044A   13083.74895971 -.00000193  00000-0  00000+0 0  1348
2 32252   0.0126 100.6804 0003274 279.7599 223.5690  1.00270805 20077
INTELSAT 11 (IS-11)     
1 32253U 07044B   13080.92950720 -.00000281  00000-0  10000-3 0  8250
2 32253   0.0125 148.0118 0002967 211.8747 111.3068  1.00270619 20044
STAR ONE C1             
1 32293U 07056A   13084.08120905 -.00000287  00000-0  00000+0 0  9322
2 32293   0.0561 256.0019 0002687 148.3513 102.5637  1.00274196 19705
SKYNET 5B               
1 32294U 07056B   13083.58305250  .00000089  00000-0  10000-3 0   364
2 32294   0.0655 353.0828 0003972 357.1161  94.6339  1.00273138 19786
ASTRA 4A (SIRIUS 4)     
1 32299U 07057A   13083.89955310  .00000023  00000-0  10000-3 0  9044
2 32299   0.0102 273.5873 0002730  71.1725 166.4123  1.00274184 19639
RADUGA-1M 1             
1 32373U 07058A   13083.58978127 -.00000049  00000-0  00000+0 0  5146
2 32373   0.0016 199.8632 0001543 166.6063  98.0606  1.00273138 20271
HORIZONS-2              
1 32388U 07063B   13083.65286468 -.00000193  00000-0  10000-3 0  9561
2 32388   0.0321 340.2134 0002871  20.1962 141.7310  1.00272038 19423
THURAYA-3               
1 32404U 08001A   13083.80620646 -.00000314  00000-0  10000-3 0   566
2 32404   4.7246 340.9989 0004721  10.2059 220.0868  1.00272110 19078
EXPRESS-AM33            
1 32478U 08003A   13083.88508767 -.00000290  00000-0  10000-3 0  4451
2 32478   0.0492 305.8919 0001175 153.3897 138.3371  1.00270762 19186
THOR 5                  
1 32487U 08006A   13084.08285561 -.00000019  00000-0  10000-3 0  9703
2 32487   0.0193 224.2276 0002590 141.3665 206.1735  1.00272904 18734
KIZUNA (WINDS)          
1 32500U 08007A   13083.70469808 -.00000269  00000-0  10000-3 0  8858
2 32500   0.0292 274.1988 0002327  74.1330 230.6675  1.00270780 18661
AMC-14                  
1 32708U 08011A   13082.94122490  .00000156  00000-0  00000+0 0   931
2 32708  16.0809  89.0519 0050815 352.5681 108.2860  1.00272506 19702
DIRECTV 11              
1 32729U 08013A   13084.25302999 -.00000135  00000-0  10000-3 0   681
2 32729   0.0243 352.7031 0000269 266.5585 275.4773  1.00272299 18487
ICO G1                  
1 32763U 08016A   13084.14838140 -.00000183  00000-0  00000+0 0    62
2 32763   4.5082 339.9848 0003658  40.3859 122.9503  1.00270958 18145
VINASAT-1               
1 32767U 08018A   13081.24975442 -.00000341  00000-0  10000-3 0  9209
2 32767   0.0317 322.7308 0001757  39.7756  39.2331  1.00270241 18131
STAR ONE C2             
1 32768U 08018B   13083.50875765 -.00000276  00000-0  00000+0 0  9086
2 32768   0.0292  63.3036 0002537 345.8422 246.1428  1.00273381 18187
TIANLIAN I (CTDRS-1)    
1 32779U 08019A   13082.99091660 -.00000118  00000-0  10000-3 0  4226
2 32779   0.1297 274.1393 0003350 257.3895  83.8693  1.00272452 18007
AMOS-3                  
1 32794U 08022A   13083.20381481 -.00000045  00000-0  10000-3 0  7665
2 32794   0.0161 177.3779 0002193 206.2881 227.5316  1.00273793 17981
GALAXY 18 (G-18)        
1 32951U 08024A   13083.47983134  .00000015  00000-0  00000+0 0  7823
2 32951   0.0190 177.2456 0002984 191.6804 222.9260  1.00268641 17757
CHINASAT 9 (ZX 9)       
1 33051U 08028A   13082.98977333 -.00000258  00000-0  10000-3 0  3986
2 33051   0.0009 133.0500 0005715 237.1452 259.9506  1.00272366 17569
SKYNET 5C               
1 33055U 08030A   13083.20400591 -.00000150  00000-0  00000+0 0  7436
2 33055   0.0641   7.6727 0002722  37.1326 192.6322  1.00273070 17567
TURKSAT 3A              
1 33056U 08030B   13083.85193456  .00000136  00000-0  10000-3 0  8234
2 33056   0.0140 161.9212 0003348 202.5873 166.6570  1.00273408 17623
COSMOS 2440             
1 33108U 08033A   13083.45749814 -.00000051  00000-0  10000-3 0  1168
2 33108   1.8241  56.2867 0003874 347.3801  13.2308  1.00276671 17358
INTELSAT 25 (IS-25)     
1 33153U 08034A   13084.03836473 -.00000234  00000-0  00000+0 0  8213
2 33153   0.0382  31.7308 0002053 321.2421 171.9824  1.00272654 17295
BADR-6                  
1 33154U 08034B   13083.08769252  .00000134  00000-0  10000-3 0  8862
2 33154   0.0711  16.1366 0006015  10.5747 212.6130  1.00276996 17302
ECHOSTAR 11             
1 33207U 08035A   13082.23409192 -.00000068  00000-0  10000-3 0   401
2 33207   0.0180 299.1325 0002712  67.6780 148.3405  1.00272890 17184
SUPERBIRD-C2            
1 33274U 08038A   13081.33279906 -.00000264  00000-0  10000-3 0   123
2 33274   0.0184 262.1708 0001485  43.3518 138.1982  1.00270380 16901
AMC-21                  
1 33275U 08038B   13083.43150831  .00000025  00000-0  10000-3 0  9451
2 33275   0.0313 320.0558 0002427   6.6890 245.7585  1.00273543 17016
INMARSAT 4-F3           
1 33278U 08039A   13083.43374196 -.00000152  00000-0  00000+0 0  1175
2 33278   3.0092 345.9426 0004304   9.4269 245.2106  1.00271181 16876
NIMIQ 4                 
1 33373U 08044A   13082.46369294 -.00000232  00000-0  00000+0 0  7425
2 33373   0.0177  86.2764 0002579 287.6569 252.0881  1.00272029 16540
GALAXY 19 (G-19)        
1 33376U 08045A   13082.47144441 -.00000150  00000-0  00000+0 0  8582
2 33376   0.0109 146.3678 0003160 233.6152 233.7796  1.00271116 16497
VENESAT-1               
1 33414U 08055A   13080.19452388 -.00000250  00000-0  10000-3 0  2282
2 33414   0.0263 348.8718 0001043  41.8343 140.1380  1.00269869 16171
ASTRA 1M                
1 33436U 08057A   13060.00000000  .00000110  00000-0  00000+0 0  1093
2 33436   0.0540 230.7820 0000949  22.5700 284.7900  1.00263520 15847
CIEL-2                  
1 33453U 08063A   13081.41541410  .00000045  00000-0  10000-3 0  8035
2 33453   0.0179 284.6541 0003004  61.7955 214.3179  1.00274389 15699
EUTELSAT HOT BIRD 13C   
1 33459U 08065A   13084.14243929  .00000077  00000-0  10000-3 0  7865
2 33459   0.0421 276.6277 0003964 112.1543 218.2336  1.00272566 15795
EUTELSAT 28B            
1 33460U 08065B   13083.08773064  .00000140  00000-0  00000+0 0  6907
2 33460   0.0061 211.4567 0005609 148.1824 242.1313  1.00272517 15646
FENGYUN 2E              
1 33463U 08066A   13083.88491787 -.00000340  00000-0  10000-3 0  1585
2 33463   1.1154  45.1408 0001764 125.8926  74.3707  1.00279004 15643
EXPRESS-AM44            
1 33595U 09007A   13083.34016127 -.00000099  00000-0  10000-3 0  1311
2 33595   0.0331 310.7345 0001335 139.1447 203.5299  1.00272114 15103
EXPRESS-MD1             
1 33596U 09007B   13084.07521459 -.00000147  00000-0  10000-3 0  1675
2 33596   0.0222 264.8869 0002731  71.8134 313.1618  1.00272104 15145
NSS-9                   
1 33749U 09008A   13081.55173304  .00000059  00000-0  10000-3 0  8249
2 33749   0.0238 312.1811 0001790  53.5045 196.1125  1.00274464 15084
EUTELSAT 3C             
1 33750U 09008B   13082.09120684  .00000009  00000-0  10000-3 0  9329
2 33750   0.0883 317.2225 0005618 325.5018 293.9746  1.00275344 15120
TELSTAR 11N             
1 34111U 09009A   13081.20431752 -.00000263  00000-0  10000-3 0  7607
2 34111   0.0002 182.0089 0002710 149.4451 244.4014  1.00270886 14938
RADUGA-1 8              
1 34264U 09010A   13084.20821260  .00000077  00000-0  10000-3 0  1468
2 34264   2.5934  91.0556 0000909 290.9192 248.0023  1.00280584 14899
EUTELSAT 10A            
1 34710U 09016A   13083.64932015  .00000058  00000-0  10000-3 0  8240
2 34710   0.0648 354.8943 0004636   4.8927  66.2189  1.00274012 14611
BEIDOU G2               
1 34779U 09018A   13083.56484562  .00000123  00000-0  10000-3 0  8521
2 34779   2.3845  69.3314 0055814 171.2773 189.3672  1.00352484 14638
SICRAL 1B               
1 34810U 09020A   13083.14256846  .00000069  00000-0  00000+0 0  7697
2 34810   0.0955  75.7062 0003302   9.3160 159.9565  1.00268241 14460
SES-7 (PROTOSTAR 2)     
1 34941U 09027A   13083.74874260 -.00000355  00000-0  10000-3 0  8269
2 34941   0.0523  48.6294 0001145 276.4390 234.9931  1.00271438 14178
MEASAT-3A               
1 35362U 09032A   13083.87243938 -.00000252  00000-0  10000-3 0  5307
2 35362   0.0291 263.9169 0001824  67.4518 256.6882  1.00271772 13788
GOES 14                 
1 35491U 09033A   13083.42921478 -.00000096  00000-0  00000+0 0  8869
2 35491   0.0636  85.3816 0002697 131.7871  13.8648  1.00271187 13722
SIRIUS FM-5             
1 35493U 09034A   13083.41548311 -.00000156  00000-0  00000+0 0  6418
2 35493   0.0251 227.2162 0002276 118.3135 250.0987  1.00271960 13703
TERRESTAR-1             
1 35496U 09035A   13081.56849667 -.00000070  00000-0  00000+0 0  8309
2 35496   4.3089 325.5683 0003332  51.3872 256.9058  1.00271941 13691
ASIASAT 5               
1 35696U 09042A   13083.99537502 -.00000317  00000-0  10000-3 0    97
2 35696   0.0166 287.8268 0001063  18.4732 335.1124  1.00269838 13257
JCSAT-RA (JCSAT-12)     
1 35755U 09044A   13083.86341659 -.00000355  00000-0  10000-3 0  6578
2 35755   0.0518 348.7801 0000995 356.5383 275.9175  1.00271401 13206
OPTUS D3                
1 35756U 09044B   13083.68598991 -.00000157  00000-0  10000-3 0  6965
2 35756   0.0459 333.6629 0004056  24.7179 226.8921  1.00272721 13188
PALAPA D                
1 35812U 09046A   13081.57761067 -.00000370  00000-0  10000-3 0  6857
2 35812   0.0180 114.8251 0001990 278.2177 108.0793  1.00271727 13206
NIMIQ 5                 
1 35873U 09050A   13081.43502822 -.00000269  00000-0  10000-3 0  6886
2 35873   0.0060 212.5172 0002627 136.0471 275.4276  1.00271347 12880
AMAZONAS 2              
1 35942U 09054A   13083.37240144 -.00000293  00000-0  10000-3 0  6560
2 35942   0.0338 137.5450 0002185 252.2008 225.3347  1.00271683 12758
COMSATBW-1              
1 35943U 09054B   13084.02807020  .00000015  00000-0  00000+0 0  6618
2 35943   0.0367  89.0257 0002406 297.0307 229.6794  1.00271899 12800
NSS-12                  
1 36032U 09058A   13082.95862505  .00000061  00000-0  00000+0 0  6342
2 36032   0.0339  37.1213 0002919 353.9291 192.6302  1.00272175 12484
THOR 6                  
1 36033U 09058B   13082.09110774 -.00000021  00000-0  10000-3 0  7086
2 36033   0.0093 206.6234 0001790 143.3070 222.7577  1.00273495 12496
INTELSAT 14 (IS-14)     
1 36097U 09064A   13084.08172742 -.00000284  00000-0  00000+0 0  5216
2 36097   0.0212  51.0585 0002328 339.4997 136.5586  1.00269882 12255
EUTELSAT 36B            
1 36101U 09065A   13084.08372463  .00000145  00000-0  10000-3 0  7150
2 36101   0.0660 353.8076 0004147   6.0926 248.8460  1.00274665 12350
INTELSAT 15 (IS-15)     
1 36106U 09067A   13083.94273377 -.00000195  00000-0  10000-3 0  7364
2 36106   0.0442 336.6758 0002349  23.5684 246.8536  1.00272068 12140
DIRECTV 12              
1 36131U 09075A   13082.64338322 -.00000114  00000-0  10000-3 0  8833
2 36131   0.0262 345.1753 0000418 288.9741  35.9730  1.00271817 11912
BEIDOU G1               
1 36287U 10001A   13083.75288237 -.00000292  00000-0  10000-3 0  9061
2 36287   1.6105   0.9076 0002467 205.3977  27.1428  1.00271398 11721
RADUGA-1M 2             
1 36358U 10002A   13084.09732146 -.00000193  00000-0  10000-3 0  9141
2 36358   0.0240 248.3302 0002117 148.2817 266.1188  1.00271631 11552
SDO                     
1 36395U 10005A   13083.40828236 -.00000072  00000-0  00000+0 0  7009
2 36395  27.8318 168.8234 0001708 258.2827 159.5393  1.00275380 11596
INTELSAT 16 (IS-16)     
1 36397U 10006A   13081.37268696 -.00000297  00000-0  10000-3 0  6311
2 36397   0.0432  49.0804 0002539 293.9644 273.0312  1.00271052 11367
GOES 15                 
1 36411U 10008A   13083.43905375  .00000078  00000-0  10000-3 0  4966
2 36411   0.0077 153.6256 0001295 122.1131 289.1333  1.00278601 11227
ECHOSTAR 14             
1 36499U 10010A   13084.13336363 -.00000010  00000-0  00000+0 0  8144
2 36499   0.0058 149.8967 0002610 222.1280  99.8380  1.00271338 11088
SES-1                   
1 36516U 10016A   13083.46641440 -.00000125  00000-0  10000-3 0  6904
2 36516   0.0153 278.9312 0002588  86.8889 243.1746  1.00272189 10675
ASTRA 3B                
1 36581U 10021A   13076.80851021  .00000122  00000-0  00000+0 0  5731
2 36581   0.0894  59.4628 0002452 303.5884 127.0486  1.00275085 10450
COMSATBW-2              
1 36582U 10021B   13084.14243929  .00000078  00000-0  10000-3 0  6411
2 36582   0.0322  92.9148 0001868 292.1556 222.1831  1.00270610 10534
BEIDOU G3               
1 36590U 10024A   13083.88144362 -.00000364  00000-0  10000-3 0  7504
2 36590   1.3575  20.8082 0003648 308.9252 280.6252  1.00276800 10321
BADR-5                  
1 36592U 10025A   13081.67635223  .00000133  00000-0  10000-3 0  4794
2 36592   0.0102 160.1049 0001023 171.2192 118.5159  1.00276780 10440
COMS 1                  
1 36744U 10032A   13083.86341693 -.00000354  00000-0  10000-3 0  5415
2 36744   0.0155 106.5301 0001215 215.6004 299.3698  1.00270396 10195
ARABSAT-5A              
1 36745U 10032B   13083.08779162  .00000143  00000-0  00000+0 0  5034
2 36745   0.0560  18.3659 0003495 359.5723 225.8627  1.00272097 10219
ECHOSTAR 15             
1 36792U 10034A   13081.37260310 -.00000294  00000-0  10000-3 0  5952
2 36792   0.0331 333.7813 0001917  35.4431 243.2977  1.00271805  9919
BEIDOU IGSO 1           
1 36828U 10036A   13083.88033155 -.00000181  00000-0  10000-3 0  6919
2 36828  54.5909 208.8672 0030614 180.4713 227.1878  1.00249828  9763
NILESAT 201             
1 36830U 10037A   13083.33503881 -.00000068  00000-0  10000-3 0  5262
2 36830   0.0423 176.4336 0002817 184.0397 295.1218  1.00274106  9829
RASCOM-QAF 1R           
1 36831U 10037B   13082.78219468  .00000007  00000-0  10000-3 0  5033
2 36831   0.0081 119.0487 0004203 232.9677 113.8731  1.00272741  9824
CHINASAT 6A (ZX 6A)     
1 37150U 10042A   13083.88473248 -.00000364  00000-0  10000-3 0  7167
2 37150   0.0351 122.5245 0000650 235.6160 267.9145  1.00274499  9472
XM-5                    
1 37185U 10053A   13083.54731559 -.00000213  00000-0  00000+0 0  6125
2 37185   0.0144  76.7261 0001769  99.6833 117.5832  1.00252992  8998
BSAT-3B                 
1 37207U 10056B   13080.84358808 -.00000363  00000-0  10000-3 0  5765
2 37207   0.0575 313.3133 0004187  21.9532 257.7705  1.00271193  8800
BEIDOU G4               
1 37210U 10057A   13082.64112554 -.00000122  00000-0  10000-3 0  6377
2 37210   0.5375   7.0752 0002683 196.6129   8.3846  1.00272288  8837
SKYTERRA 1              
1 37218U 10061A   13083.36285946 -.00000133  00000-0  10000-3 0  6301
2 37218   5.0459 321.7621 0004992 172.5004  76.9986  1.00272207  8768
ZHONGXING-20A           
1 37234U 10064A   13083.61569916 -.00000347  00000-0  10000-3 0  6321
2 37234   0.0241 247.1454 0002594 136.9981 149.7667  1.00276176  8594
HYLAS 1                 
1 37237U 10065A   13083.26369803 -.00000244  00000-0  10000-3 0  5144
2 37237   0.0514  31.2428 0001395 355.9670 216.1151  1.00271300  8545
INTELSAT 17 (IS-17)     
1 37238U 10065B   13083.84515611 -.00000012  00000-0  00000+0 0  4337
2 37238   0.0333  79.9983 0003108 292.2089 180.5063  1.00271573  8572
BEIDOU IGSO 2           
1 37256U 10068A   13083.79505859 -.00000218  00000-0  10000-3 0  5948
2 37256  54.7220 329.0639 0020785 187.7157  72.2185  1.00269095  8347
EUTELSAT KA-SAT 9A      
1 37258U 10069A   13084.08309192  .00000052  00000-0  10000-3 0  5446
2 37258   0.0486 299.6813 0002822 153.9296 127.9874  1.00272715  8362
HISPASAT 1E             
1 37264U 10070A   13084.22353845 -.00000226  00000-0  00000+0 0  5130
2 37264   0.0316 128.4385 0003290 243.6357 221.2430  1.00274144  8217
KOREASAT 6              
1 37265U 10070B   13083.75901564 -.00000372  00000-0  00000+0 0  4653
2 37265   0.0461 357.9577 0001850  15.2223 198.4643  1.00272212  8233
ELEKTRO-L 1 (GOMS 2)    
1 37344U 11001A   13084.08133632 -.00000108  00000-0  00000+0 0  5711
2 37344   0.0920  55.1862 0000797  40.3303 192.5724  1.00271909  8026
BEIDOU IGSO 3           
1 37384U 11013A   13083.88563035 -.00000092  00000-0  10000-3 0  5097
2 37384  56.0299  89.1523 0021718 195.6611 337.9288  1.00275562  7223
INTELSAT NEW DAWN       
1 37392U 11016A   13081.09609718  .00000143  00000-0  10000-3 0  4094
2 37392   0.0088 124.4015 0000763 266.7459 216.0069  1.00275764  7052
YAHSAT 1A               
1 37393U 11016B   13084.07621108  .00000091  00000-0  00000+0 0  5338
2 37393   0.0060 225.2106 0000863 161.2113 236.1916  1.00273269  7121
TELSTAR 14R             
1 37602U 11021A   13082.40939655 -.00000291  00000-0  10000-3 0  3674
2 37602   0.0213 293.9761 0002563  51.6241 279.8074  1.00270622  7417
GSAT-8                  
1 37605U 11022A   13080.08613271  .00000072  00000-0  10000-3 0  4221
2 37605   0.0153 142.1143 0005615 152.7991 329.8885  1.00272760  6755
ST-2                    
1 37606U 11022B   13081.61562027 -.00000223  00000-0  10000-3 0  4188
2 37606   0.0166 120.3730 0001691 220.6821 148.8380  1.00271486  6783
CHINASAT 10 (ZX 10)     
1 37677U 11026A   13084.01103363 -.00000362  00000-0  10000-3 0  4950
2 37677   0.0500 339.0235 0003667 210.1306 107.9537  1.00274073  6537
TIANLIAN 1-02           
1 37737U 11032A   13083.80366615  .00000020  00000-0  10000-3 0  4760
2 37737   0.0980 268.1702 0003838 109.2733 271.0353  1.00273273  6269
GSAT-12                 
1 37746U 11034A   13083.85585038 -.00000175  00000-0  10000-3 0  3849
2 37746   0.0123 153.0611 0006151 296.8864 123.6342  1.00272476  6510
SES-3                   
1 37748U 11035A   13084.10626917 -.00000111  00000-0  10000-3 0  4316
2 37748   0.0223 309.3504 0002672  47.4066 121.1120  1.00272031  6242
KAZSAT-2                
1 37749U 11035B   13084.08447536 -.00000208  00000-0  00000+0 0  3515
2 37749   0.0438   0.1954 0001135  96.6119 202.7978  1.00273568  6304
BEIDOU IGSO 4           
1 37763U 11038A   13083.88917653 -.00000110  00000-0  10000-3 0  3611
2 37763  54.9091 210.9961 0021302 174.4361 210.0107  1.00255425  6199
ASTRA 1N                
1 37775U 11041A   13084.21786358  .00000140  00000-0  00000+0 0  3406
2 37775   0.0667  36.5398 0003676 349.4189 263.5016  1.00274469  6017
BSAT-3C (JCSAT-110R)    
1 37776U 11041B   13080.84358808 -.00000363  00000-0  10000-3 0  3950
2 37776   0.0081 267.8108 0000253 342.1825 343.1502  1.00270256  6061
PAKSAT-1R               
1 37779U 11042A   13083.67726471  .00000143  00000-0  00000+0 0  3065
2 37779   0.0437 341.7832 0002042  57.0896  65.2387  1.00273104  6016
CHINASAT 1A (ZX 1A)     
1 37804U 11047A   13083.61752580 -.00000349  00000-0  10000-3 0  4169
2 37804   0.0515 293.1551 0005574 113.0767 128.0983  1.00269629  5648
COSMOS 2473             
1 37806U 11048A   13084.07521459 -.00000145  00000-0  10000-3 0  3996
2 37806   0.0433 115.1629 0001348 327.7468 206.7714  1.00271509  5618
SES-2                   
1 37809U 11049A   13083.38385992 -.00000207  00000-0  00000+0 0  2907
2 37809   0.0328  37.2647 0003381 329.0658 226.8707  1.00273021  5574
ARABSAT-5C              
1 37810U 11049B   13083.12802804  .00000112  00000-0  00000+0 0  2664
2 37810   0.0630  10.1811 0001935  57.4100 180.2162  1.00270670  5599
EUTELSAT 7 WEST A       
1 37816U 11051A   13083.33503881 -.00000071  00000-0  10000-3 0  4043
2 37816   0.0998 303.0790 0001858 244.4391 107.7569  1.00272278  5508
QUETZSAT 1              
1 37826U 11054A   13081.43486547 -.00000254  00000-0  10000-3 0  3609
2 37826   0.0343 288.5750 0002112  72.9494 258.0405  1.00270970  5616
INTELSAT 18 (IS-18)     
1 37834U 11056A   13082.80034455  .00000041  00000-0  00000+0 0  3045
2 37834   0.0394  66.4911 0002574 318.7906 264.2660  1.00269745  5490
EUTELSAT 16A            
1 37836U 11057A   13083.83413519  .00000094  00000-0  10000-3 0  3058
2 37836   0.0664 346.7567 0004315  17.2664 134.7020  1.00271448  5371
VIASAT-1                
1 37843U 11059A   13083.37643204 -.00000034  00000-0  10000-3 0  2620
2 37843   0.0017 168.3035 0002740 162.3081 231.8026  1.00272919  5812
ASIASAT 7               
1 37933U 11069A   13083.88580288 -.00000372  00000-0  00000+0 0  3552
2 37933   0.0276  99.0355 0000863 240.3744 282.2072  1.00273661  5019
BEIDOU IGSO 5           
1 37948U 11073A   13083.86364884 -.00000163  00000-0  10000-3 0  3422
2 37948  54.8390 328.4752 0019596 182.8736  77.7353  1.00281154  4949
AMOS-5                  
1 37950U 11074A   13083.12753302  .00000098  00000-0  00000+0 0  2208
2 37950   0.0091 129.7498 0000741 329.6440 145.2831  1.00270805  4872
LUCH 5A                 
1 37951U 11074B   13083.80407403 -.00000064  00000-0  00000+0 0  3117
2 37951   3.8807 260.4810 0000810  63.4390 314.8602  1.00274167  4734
NIGCOMSAT 1R            
1 38014U 11077A   13083.08806604  .00000134  00000-0  00000+0 0  2517
2 38014   0.0469  55.7223 0001720  25.1012 175.0714  1.00272075  4690
FENGYUN 2F              
1 38049U 12002A   13083.88455535 -.00000369  00000-0  10000-3 0  3208
2 38049   1.4573 277.7232 0003825 234.0688 101.0889  1.00272964  4434
SES-4                   
1 38087U 12007A   13083.21499844 -.00000179  00000-0  00000+0 0  2330
2 38087   0.0353 283.8480 0002868  75.6300 237.7776  1.00269892  4108
BEIDOU G5               
1 38091U 12008A   13083.64875605  .00000045  00000-0  00000+0 0  3002
2 38091   1.2502 313.8109 0000753 346.5436 174.1525  1.00275795  4021
INTELSAT 22 (IS-22)     
1 38098U 12011A   13082.96745355 -.00000070  00000-0  00000+0 0  1989
2 38098   0.0307  38.5345 0002001 334.3200 229.1237  1.00272046  3681
COSMOS 2479             
1 38101U 12012A   13081.62948125 -.00000075  00000-0  10000-3 0  2720
2 38101   1.5580 288.7435 0003930 110.0753 173.7702  1.00270690  3581
APSTAR 7                
1 38107U 12013A   13084.08911499 -.00000112  00000-0  10000-3 0  2513
2 38107   0.0112 116.5842 0002851 252.6347 282.0678  1.00272682  3719
YAHSAT 1B               
1 38245U 12016A   13082.91387465  .00000115  00000-0  10000-3 0  2050
2 38245   0.0042 203.7275 0000541 216.3620 138.0515  1.00273812  3455
JCSAT-13                
1 38331U 12023A   13083.88617514 -.00000366  00000-0  10000-3 0  1814
2 38331   0.0200 268.1931 0001361  98.9392 258.3894  1.00270439  3180
VINASAT-2               
1 38332U 12023B   13081.25089872 -.00000341  00000-0  10000-3 0  1839
2 38332   0.0027 204.7819 0002057 164.3865  32.8831  1.00270582  3157
NIMIQ 6                 
1 38342U 12026A   13082.51545102 -.00000185  00000-0  10000-3 0  2068
2 38342   0.0044 219.0300 0004425 182.7894 233.7410  1.00272017  3125
CHINASAT 2A (ZX 2A)     
1 38352U 12028A   13082.82743316 -.00000304  00000-0  00000+0 0  2307
2 38352   0.0518 294.7186 0003410  74.9436 207.9286  1.00273295  3179
INTELSAT 19 (IS-19)     
1 38356U 12030A   13082.78600310 -.00000067  00000-0  10000-3 0  1978
2 38356   0.0446  18.6061 0002359 342.3762 269.4071  1.00273365  3075
ECHOSTAR 17             
1 38551U 12035A   13082.50236829 -.00000087  00000-0  10000-3 0  1736
2 38551   0.0148 134.3100 0000775 135.8670 344.7147  1.00272585  2651
METEOSAT-10 (MSG-3)     
1 38552U 12035B   13082.18268053 -.00000019  00000-0  00000+0 0  2691
2 38552   1.2793 247.2964 0001927 174.8820 184.0743  1.00272121  2757
SES-5                   
1 38652U 12036A   13083.89955310  .00000024  00000-0  10000-3 0  1768
2 38652   0.0782 265.4186 0002042  99.5567 146.3576  1.00273114  2614
TIANLIAN 1-03           
1 38730U 12040A   13084.20787301  .00000096  00000-0  10000-3 0  1803
2 38730   1.5649 272.0948 0000809   3.1434 359.2373  1.00277703  2542
INTELSAT 20 (IS-20)     
1 38740U 12043A   13083.95446050 -.00000035  00000-0  10000-3 0  1827
2 38740   0.0455  80.8039 0001625 229.7491 284.1581  1.00273543  2370
HYLAS 2                 
1 38741U 12043B   13083.40830067  .00000144  00000-0  00000+0 0  1299
2 38741   0.0244  80.2001 0002771 328.0611 311.7540  1.00273266  2396
INTELSAT 21 (IS-21)     
1 38749U 12045A   13082.26856719 -.00000296  00000-0  10000-3 0  1467
2 38749   0.0020 222.1144 0002513 178.7337 178.7206  1.00270464  2229
ASTRA 2F                
1 38778U 12051A   13083.08128924  .00000139  00000-0  00000+0 0   882
2 38778   0.0587 242.8194 0002148  40.3952 315.9746  1.00274307  1823
GSAT-10                 
1 38779U 12051B   13083.85584909 -.00000175  00000-0  10000-3 0  1176
2 38779   0.0313 248.7503 0001313 101.4472 223.3924  1.00272279  1836
INTELSAT 23 (IS-23)     
1 38867U 12057A   13081.37280130 -.00000297  00000-0  10000-3 0   910
2 38867   0.0244  20.6026 0003106  15.0031 225.6147  1.00271212  1633
BEIDOU G6               
1 38953U 12059A   13084.07521459 -.00000149  00000-0  00000+0 0  1091
2 38953   1.5341 276.4222 0002297  71.9828 301.3629  1.00272313  1615
LUCH 5B                 
1 38977U 12061A   13084.22668668 -.00000135  00000-0  00000+0 0  1142
2 38977   0.3911 114.5745 0002373 307.6081 186.2578  1.00274902  1729
YAMAL 300K              
1 38978U 12061B   13083.89769922 -.00000240  00000-0  10000-3 0   860
2 38978   0.0416 302.2582 0001197 145.8311 147.6620  1.00272142  1423
STAR ONE C3             
1 38991U 12062A   13081.37228294 -.00000262  00000-0  10000-3 0  1066
2 38991   0.0021 167.1756 0002624 183.9249 247.9423  1.00274008  1372
EUTELSAT 21B            
1 38992U 12062B   13083.43444165  .00000119  00000-0  00000+0 0  1013
2 38992   0.0203   6.7705 0002178  10.0245 343.2121  1.00272088  1413
ECHOSTAR 16             
1 39008U 12065A   13081.37258786 -.00000294  00000-0  10000-3 0   927
2 39008   0.0018 168.2743 0002785 185.6067 258.7783  1.00272757  1324
CHINASAT 12 (ZX 12)     
1 39017U 12067A   13084.13869035  .00000097  00000-0  00000+0 0   904
2 39017   0.0563 250.4357 0002514 109.7589 283.9838  1.00271055  1253
EUTELSAT 70B            
1 39020U 12069A   13084.13887264 -.00000053  00000-0  00000+0 0  1571
2 39020   0.0564 261.2833 0002557  98.2860 303.6772  1.00272314  1153
YAMAL 402               
1 39022U 12070A   13083.80884811  .00000076  00000-0  10000-3 0   874
2 39022   0.0325 298.5127 0001736 103.6700 126.2977  1.00272455  1142
SKYNET 5D               
1 39034U 12075A   13083.01291648  .00000048  00000-0  00000+0 0   868
2 39034   0.0790 193.0008 0014929 205.5194 200.5723  1.00520435  1054
MEXSAT 3                
1 39035U 12075B   13083.37643204 -.00000036  00000-0  10000-3 0   769
2 39035   0.0120 108.5103 0003717 296.0368 158.1545  1.00272048  1010
TDRS 11                 
1 39070U 13004A   13082.83273459  .00000108  00000-0  00000+0 0   610
2 39070   6.9807 331.6971 0010101 250.8200 109.0117  1.00267282   570
AMAZONAS 3              
1 39078U 13006A   13083.42968353 -.00000282  00000-0  00000+0 0   524
2 39078   0.0238 280.8218 0001289  58.8941 289.5320  1.00273405   502
AZERSPACE 1             
1 39079U 13006B   13083.36684916  .00000122  00000-0  00000+0 0   496
2 39079   0.0099  86.3541 0001571 303.7422 329.9127  1.00275164   504