RADCAL                  
1 22698U 93041A   13084.17851094  .00000096  00000-0  35056-4 0  4831
2 22698  89.5362 315.5081 0091377 139.9629   6.8440 14.23018523 25076
STRV 1A                 
1 23125U 94034B   13082.58903069  .00006967  00000-0  10621-2 0  1450
2 23125   7.3249  40.8199 6770814   0.2158 359.8225  2.95916779179376
STRV 1B                 
1 23126U 94034C   13082.94874532  .00002546  00000-0  56988-3 0  1538
2 23126   7.4466 324.9381 6691150 153.1815  35.6325  3.05392234182551
REX 2                   
1 23814U 96014A   13083.17744868  .00000064  00000-0  22736-4 0  8159
2 23814  90.1370 296.1414 0024526 128.7148 347.8866 14.24094900885351
COSMOS 2346             
1 24953U 97052A   13084.17484059  .00000070  00000-0  53518-4 0  7070
2 24953  82.9266   5.0257 0039024 221.2751 248.2063 13.79491344780460
ARGOS                   
1 25634U 99008A   13083.82974946  .00000031  00000-0  36284-4 0  8350
2 25634  98.8153 149.9938 0009446 337.3288 133.4687 14.19062490729271
HELIOS 1B               
1 25977U 99064A   13084.16789030  .00000672  00000-0  98235-4 0  9028
2 25977  98.2144 148.0333 0001268 175.1526 240.9661 14.79047256715349
MTI                     
1 26102U 00014A   13083.96249624  .00004541  00000-0  22021-3 0  8457
2 26102  97.3904 213.7901 0017523  15.4875 123.8350 15.18873482717707
STRV 1C                 
1 26610U 00072C   13081.25753395 -.00000329  00000-0  10000-3 0  4765
2 26610   5.9729 184.6010 7345233 248.6042  23.4171  2.03473560 91808
MIDSTAR-1               
1 30773U 07006B   13083.87210829  .00000182  00000-0  17238-4 0  7258
2 30773  46.0709 203.2999 0006666  90.8888 357.9569 15.29673411336978
CFESAT                  
1 30777U 07006F   13083.30563549  .00002586  00000-0  16157-3 0  5919
2 30777  35.4312  13.5252 0004949 265.3918 235.6799 15.09283348332464
NFIRE                   
1 31140U 07014A   13083.15755509  .00008711  00000-0  16830-3 0   587
2 31140  48.2195  76.2436 0006124  56.5567 356.2007 15.48467205335832
SPIRALE A               
1 33751U 09008C   13083.77164682  .00118270  81262-6  19606-2 0  1790
2 33751   2.0789 250.5734 5938294 265.9328  28.2749  4.23160710 40581
SPIRALE B               
1 33752U 09008D   13082.40854874  .00018139  00000-0  27819-2 0   320
2 33752   2.0729  29.1795 7158440 336.7686   2.7207  2.45030710 34808