ISS (ZARYA)             
1 25544U 98067A   13084.31616830  .00008798  00000-0  14976-3 0  4755
2 25544  51.6467 164.7116 0012309  69.2530 335.5567 15.52178107821683
TIANGONG 1              
1 37820U 11053A   13084.12195659  .00033019  00000-0  26058-3 0  6980
2 37820  42.7808 151.1466 0003409 175.5573 269.8773 15.70752471 85390
RAIKO                   
1 38852U 98067CN  13083.68774703  .00038144  00000-0  38818-3 0  1738
2 38852  51.6408 160.5904 0015433  39.2577 320.9534 15.64612890 26585
FITSAT-1 (NIWAKA)       
1 38853U 98067CP  13083.48042712  .00054996  00000-0  48841-3 0  1746
2 38853  51.6427 159.9761 0012449  44.6222 315.5774 15.67892375 26623
TECHEDSAT               
1 38854U 98067CQ  13083.49714062  .00136105  00000-0  77077-3 0  1995
2 38854  51.6364 155.5283 0012498  35.9218 324.2621 15.78041979 26689
F-1                     
1 38855U 98067CR  13083.60505656  .00117535  00000-0  70933-3 0  1974
2 38855  51.6357 155.4931 0012220  37.2454 322.9391 15.76683573 26589
DRAGON CRS-2            
1 39115U 13010A   13062.62492353  .00008823  00000-0  14845-3 0   188
2 39115  51.6441 272.5899 0012056 334.2535  68.5574 15.52501943   306